20	1	1	0.0982637
20	15	1	0.100232
20	20	1	0.0982357
24	1	1	1.57629
24	15	1	1.57783
24	24	1	1.57583
28	1	1	25.1737
28	15	1	25.1618
28	28	1	25.1747
30	1	1	107.448
30	15	1	101.5
30	30	1	101.266
20	1	2	0.0527058
20	15	2	0.0525821
20	20	2	0.0522565
24	1	2	0.842181
24	15	2	0.840052
24	24	2	0.838593
28	1	2	13.4646
28	15	2	13.5813
28	28	2	13.6839
30	1	2	57.117
30	15	2	54.0821
30	30	2	53.7258
20	1	4	0.030255
20	15	4	0.0291571
20	20	4	0.0291172
24	1	4	0.46714
24	15	4	0.469123
24	24	4	0.467594
28	1	4	7.46355
28	15	4	7.48012
28	28	4	7.48633
30	1	4	32.9394
30	15	4	31.4278
30	30	4	30.3665
20	15	8	0.0186652
20	1	8	0.0186162
20	20	8	0.0185533
24	15	8	0.299666
24	1	8	0.302467
24	24	8	0.303805
28	15	8	4.8196
28	1	8	4.86818
28	28	8	4.75424
30	15	8	19.1686
30	1	8	20.1895
30	30	8	19.4004
